-1.097000
-0.494600
-3.018400
-2.598000
-2.569600
-1.854800
-2.618800
-2.196200
-2.180800
-1.272800
-2.466400
-0.995600
-1.113600
-2.256800
-1.576400
-2.084200
-1.812000
-1.245600
-1.963400
-2.253400
-2.074000
-1.092800
-2.821400
-1.605800
-2.028400
-1.471000
-1.275400
-1.873200
-2.046000
-0.905400
-0.822600
-0.909000
-0.371400
-1.258000
-1.379200
-1.939400
-2.005800
-1.345600
-1.753400
-1.485200
-0.556200
-1.049000
-0.170200
-0.540400
-1.844800
-0.212400
-0.674400
-1.238400
-0.855800
0.180800
-1.070800
-0.789200
-0.493200
-0.930400
-1.122600
-0.628200
-1.353800
-0.935800
-0.588400
-0.021800
-0.696000
-0.617800
0.330400
-0.019400
-0.553200
0.084000
-0.421400
0.509000
-0.545200
-1.154400
0.330800
0.853400
0.051600
1.127800
-0.000400
0.361400
0.228600
0.170400
-0.929600
0.391400
0.319000
0.355000
0.313800
0.698400
0.844800
0.782800
0.353800
1.753400
1.291600
1.531400
0.724600
1.007400
1.216600
2.115600
0.577400
2.047000
0.908600
1.788400
1.840400
2.285600
1.396200
2.674400
2.335200
1.493400
3.071800
3.331400
2.113200
2.967200
2.604400
3.434400
2.796000
3.561600
2.316600
2.579200
3.149400
3.361000
3.883000
3.523200
1.836000
3.593400
3.833200
4.323400
3.169200
3.855600
3.626800
4.141400
3.405000
4.036000
3.673000
4.077200
3.724600
5.310400
2.922000
4.194800
3.711600
3.998000
4.943400
5.281000
4.714400
4.603400
4.715600
3.805200
4.840800
4.955600
5.171800
5.598400
4.029400
5.743400
5.441600
5.517800
4.891000
5.202600
5.631000
4.795600
5.314200
5.201000
6.912200
5.529000
5.000400
5.493400
5.343000
5.768400
5.448000
5.225800
5.200600
5.917000
5.294200
6.487600
5.956600
5.426000
5.122800
5.402400
4.947600
5.237200
4.862000
5.787400
5.682000
6.717800
5.950000
6.075200
6.060200
6.534600
6.428200
6.889600
7.376200
6.606200
7.245600
8.334400
7.360200
7.613400
7.589600
8.514400
7.713400
9.201800
8.848400
9.214800
8.693400
9.848600
8.534000
8.937600
9.435400
9.027200
8.200600
9.602200
9.208600
9.308400
9.169600
10.238200
9.767400
9.642600
10.100400
10.198400
9.402200
9.345400
9.804600
9.334000
8.805600
10.505600
9.325000
9.174400
9.700000
10.664400
10.406800
10.639400
10.503200
10.176400
10.603200
11.065600
10.482800
11.305200
9.403400
11.506200
10.363400
11.664800
10.768200
11.562400
12.596400
11.589800
11.373400
12.299200
11.140200
11.564800
10.879400
12.430200
11.550400
12.753200
12.767800
13.061400
12.163400
13.071800
12.417600
13.001600
12.708600
13.495000
13.310600
14.130800
13.557400
14.672800
14.265400
14.446800
14.015600
13.931200
14.106600
14.150400
14.122400
14.441800
14.518800
14.007200
14.534000
15.494800
15.232800
15.280000
15.985400
15.431400
15.137400
16.912400
15.547800
16.812600
16.740600
17.267200
16.757800
17.827000
17.867000
16.938600
17.471400
19.238800
17.946600
18.053200
17.785800
19.202800
19.246200
19.681600
18.702800
19.942000
19.388800
19.245800
19.727400
19.167600
21.196000
21.066200
22.490800
21.649000
22.094200
21.042200
22.118800
22.747600
21.715200
23.720800
22.754600
24.025400
23.919800
24.876800
24.073000
24.659800
24.306600
25.373000
25.090000
24.931200
25.376400
27.302000
25.524600
26.955800
26.580000
27.515600
27.050000
26.938000
27.754600
28.747600
27.355800
28.708800
29.126600
30.227600
29.461400
31.259400
30.040000
31.251200
32.067800
33.478600
33.113800
33.273600
35.659400
34.971400
35.033400
36.179800
37.756600
36.790200
37.872600
38.077600
38.833800
39.115600
37.993200
40.442200
39.353600
40.452000
39.372800
40.925400
39.912800
40.121200
39.765400
40.732400
39.505000
39.913600
39.873600
40.817000
40.662200
42.331400
42.384800
43.480600
44.060400
45.523000
46.982000
48.592200
51.703000
54.152800
55.957200
58.918800
62.734000
65.998200
68.162800
72.412000
75.389600
79.592600
85.426600
91.066000
94.108400
99.083000
101.938800
108.048600
113.327800
117.852800
122.901600
126.389400
132.022400
136.406200
141.364800
143.992600
147.755400
152.050200
158.558200
162.377600
166.152600
170.348600
174.961600
180.638200
185.782200
193.214800
202.707800
207.929400
216.741400
230.022400
236.934800
249.309200
262.693600
269.609600
280.881000
298.244000
311.386800
322.592200
336.196000
352.341800
368.984000
386.435600
399.767800
414.222200
428.244400
443.480000
456.803600
467.539400
481.286200
489.900600
502.311800
508.792200
513.387400
517.452600
520.797000
519.208400
518.188600
523.953400
521.673600
527.477200
520.229200
524.887600
526.984800
534.019800
549.329000
555.537400
569.578600
587.289800
607.653200
635.349600
669.865200
708.096200
737.832000
783.706800
837.823800
906.098200
964.037600
1038.998200
1102.388200
1177.474600
1258.442400
1355.157000
1432.003800
1502.206400
1556.054000
1646.027600
1764.551200
1818.677800
1899.003000
1969.017200
2034.461200
2096.546600
2146.486400
2199.319000
2235.683600
2245.817400
2295.737800
2315.116600
2356.042400
2399.544200
2427.600200
2424.639800
2422.949200
2443.866600
2437.521200
2469.194400
2515.490800
2549.422800
2602.114400
2640.705800
2713.878400
2755.336600
2790.287000
2841.045600
2934.416200
3002.339800
3087.737800
3205.510400
3308.213000
3393.447000
3493.733200
3623.696600
3708.670600
3826.515800
3928.981800
4022.822600
4086.966000
4139.337200
4289.875200
4337.619800
4393.974800
4402.930600
4433.713600
4478.367400
4499.223000
4540.762600
4513.531600
4487.860400
4482.901200
4442.314000
4472.189800
4461.284000
4427.232800
4490.087400
4554.966400
4558.469000
4628.905400
4751.090800
4867.189800
4970.616200
5141.567000
5394.403800
5655.991600
5872.193600
6169.269400
6487.935800
6841.771400
7161.932600
7535.010800
7933.861600
8312.536400
8817.069200
9237.015000
9418.928000
9902.809600
10294.523000
10621.499200
10928.720400
11207.671800
11585.386400
11815.386400
11980.692600
12193.299800
12140.241000
12295.158400
12355.307200
12398.008800
12276.049200
12360.367000
12221.393600
12263.387800
12279.881200
12233.467400
12120.426800
11948.133200
11789.276200
11632.364400
11619.044400
11551.838400
11533.133400
11611.246600
11582.791000
11591.583800
11709.172600
11866.121200
11727.747000
11795.916600
11971.140400
12170.952000
12295.019000
12527.062400
12719.721000
12616.378400
12963.263800
13294.610800
13289.573600
13517.043000
13644.484000
13678.685400
13693.457000
13636.445200
13591.076600
13526.983800
13549.528400
13265.161800
13209.526000
13096.813400
12639.319800
12639.117200
12260.076800
11895.471400
11714.633000
11505.587000
11335.757000
11233.686800
11025.063000
10857.268800
10675.054800
10662.271800
10749.158200
10605.797600
10552.899400
10637.661200
10776.910200
10842.995000
11055.309400
11328.820400
11488.510000
11603.202600
11846.448200
12101.179000
12345.297400
12689.817200
12984.827800
13046.819600
13272.609000
13464.773800
13387.069800
13551.511000
13629.017600
13527.420200
13717.273400
13503.986600
13480.384000
13327.964600
13144.228200
13084.461600
12855.290200
12494.772600
12293.131600
12141.713800
11834.474400
11621.003200
11386.894000
11004.043400
10759.205800
10499.858400
10306.798200
10213.770600
9957.071000
9878.918200
9682.349200
9506.201000
9530.582400
9417.988000
9390.798400
9442.578600
9476.114000
9388.833400
9516.519600
9522.132800
9556.144200
9676.229200
9712.254800
9940.321800
10098.059800
10273.308600
10432.377200
10555.820800
10834.831800
11000.859000
10931.407400
11195.491800
11209.531000
11488.651200
11507.591600
11678.340000
11753.652000
11740.359200
11799.709000
11884.295800
11986.855600
12052.886000
12139.865600
12391.075600
12554.155800
12652.654800
12866.986200
13123.613600
13317.014400
13579.496200
13933.313800
14310.362000
14540.757800
14731.945000
15237.745000
15675.396800
16206.574600
16723.760800
17314.951800
17706.837000
18220.370800
19081.264800
19751.020600
20422.759800
21143.373000
21948.470600
22619.639400
22974.099800
24114.566600
24565.193000
25342.395000
26034.307600
26242.299800
27313.048000
28124.877800
28328.373600
28490.679200
28680.131200
29252.684600
29686.859000
29706.256400
29942.920200
29861.513400
29950.219800
30194.851800
30158.761400
29716.257400
29809.014600
30283.433400
29944.186200
29869.772600
29686.624000
29662.471800
29731.720600
29769.634000
29490.879000
29464.012000
29540.472200
29780.167400
29641.512800
29893.298400
29922.165000
29917.587800
30261.903400
30579.437000
30770.291800
31118.430200
31395.549600
31513.826000
31826.932000
32292.799800
32979.411000
33124.632400
33753.220000
33851.539800
33996.544800
34286.782600
34556.544200
34333.538000
34924.962000
35167.723000
35638.674000
35333.116400
36067.209600
36384.063000
36342.756400
36143.595400
36343.529600
36872.385600
36768.176600
36976.036800
36365.796000
36850.654000
37098.112600
36850.455400
36643.484800
36544.890600
37230.780000
37636.552200
37338.624000
37260.283600
37910.617000
37594.391400
38149.045600
38315.031800
39263.478200
40069.716200
40851.849000
40966.626000
41161.968600
41647.872400
42012.355000
42417.249400
42692.933200
42791.245000
43501.036600
43437.169800
43454.127800
43832.208400
44481.060600
43844.068800
43929.578000
43658.127600
43794.385000
43726.914000
43704.020200
43219.205800
42588.065000
42742.314200
42249.937000
41940.840400
41200.062600
40091.552400
39548.119400
38924.350000
38929.345000
38771.899600
38019.523400
36578.369400
36139.501400
35893.330200
35243.158600
35359.375800
34652.895200
33882.750400
33544.834400
33453.466400
33119.804600
33292.922000
33294.704800
33088.482000
32886.125400
33053.636600
33092.626800
32842.508400
32637.655400
32881.316800
32531.378000
32283.280400
32852.742600
33108.031400
32968.524400
33207.344800
33557.686800
33578.611800
33845.505200
33952.488600
34079.847400
33862.003600
33790.054000
33601.703000
33552.626800
34010.057400
34310.533400
34068.807800
34118.791800
34206.716600
33665.115400
34033.733600
34433.146400
34172.975200
34134.350400
33827.756000
33692.461000
33927.705600
34164.904800
34421.363000
34331.375600
34590.106000
34566.283000
34928.113200
34669.725600
35058.406200
35961.846800
36151.194800
35605.051800
35916.572600
35904.113600
36091.331000
36088.061000
36547.204400
36844.892200
37332.407200
36671.438400
36775.846600
37306.991400
37291.993000
37213.636200
37623.254800
37572.495200
37369.670000
37055.693200
37282.429200
37469.307400
37221.296000
37116.524200
37452.943600
37163.474600
36637.989200
37003.783600
36579.330400
36865.037200
36499.889600
36477.256200
36051.793200
35887.702400
35878.882000
35818.069400
35657.011200
35642.049200
36128.446600
35586.293000
35698.421600
35957.257600
35391.016200
35339.428600
35601.672200
35739.662400
35583.764400
35851.307600
36170.449000
36552.079600
36213.789800
35926.812400
35865.133600
36192.069200
36451.950600
36126.130200
35529.530600
35887.746000
36380.302400
36827.918400
36487.760600
36326.776200
36754.654800
37064.715600
37392.462600
37269.967000
37321.822400
38090.803800
38302.023200
38166.708200
38498.734200
38358.519800
38319.553600
38073.049800
38943.386600
39202.849600
38908.974200
38969.937200
39602.559400
39761.746200
39827.854600
40679.505400
41104.659200
41426.769600
41970.561600
41841.757200
41833.063000
42464.512800
43577.983600
43647.113400
43666.615200
44344.807000
45544.769000
45834.412800
45746.314600
46457.473400
47051.972000
47716.344400
48070.801800
48325.626800
48809.442600
49351.749000
50220.246400
50815.304400
51050.105400
51500.259400
51151.295200
50656.149600
51410.409000
51597.847400
51370.303400
51492.608800
51972.228000
51926.050600
51138.990200
52027.444400
52017.871000
51514.336000
51440.459800
51357.537000
51453.147600
51161.519800
51169.331600
51202.922800
51024.743000
50604.662600
50580.599000
50364.027800
50544.032600
49989.268200
49878.394600
49796.122800
49168.084200
48382.952800
47691.414400
47944.014000
47461.177600
47338.608200
45876.054800
45131.513000
44837.815200
44469.301800
43982.865400
43237.585800
42600.878200
42203.549000
42363.898400
41413.893200
40796.581600
40663.173800
40108.125600
39986.746200
39413.912800
39632.680000
39147.906400
39306.636000
38937.446200
38888.749400
38668.584000
37759.152600
37465.289800
37767.979400
37705.128600
37696.554000
37552.275000
37704.247800
37540.503800
37343.755800
36531.020800
36579.146800
36544.774800
36108.218200
35947.717200
36204.079800
35827.536200
35813.298200
35217.498000
34682.834800
34688.316400
34469.238200
34305.569800
34020.729400
33764.755400
33506.435400
33404.070200
33099.771200
32275.360000
32079.564800
31611.707000
31226.645400
30639.049200
30263.047200
30053.351400
29666.851200
29020.090600
28736.176400
28268.189400
27755.410200
27507.192000
26754.926400
26386.625800
26226.843000
26114.202800
25543.476800
25141.153000
25030.741400
24526.039800
24231.364800
23768.069800
23589.793000
23314.058400
22770.359800
22371.892600
21880.091800
21914.266800
21691.642800
21077.913800
20359.236200
20091.941200
20121.629600
19961.857600
19289.574800
18803.250000
18361.242800
18153.346400
17749.786000
17066.082800
16879.202400
16707.941600
16208.775200
15706.326000
15412.298000
15225.945600
14918.455000
14438.192600
14268.033800
14097.464000
13809.030000
13777.619200
13466.679800
13230.383200
13187.637800
13132.729800
13030.309200
12995.557000
13063.339000
12829.223800
12744.830400
12820.201200
12937.256400
12882.662600
12696.482200
12714.617800
12685.061400
12703.278200
12708.020600
12640.441800
12659.215800
12507.107800
12467.638200
12409.057200
12448.522600
12371.657800
12366.434600
12381.907600
12305.212800
12360.778600
12525.761800
12500.005000
12395.430200
12359.049800
12302.819800
12230.459600
12339.840600
12139.106200
12149.934200
12159.901800
12107.875600
12059.989600
12077.482600
12169.848200
12255.354000
12092.248000
12108.483800
12065.499200
11965.315800
12029.776800
11963.200000
11893.806800
11888.091200
11976.888800
11916.938200
11794.253600
11819.689200
11790.373800
11731.277800
11668.799200
11552.943600
11517.814000
11609.009400
11450.491600
11368.974800
11161.474000
11273.865600
11244.430000
11264.329400
11134.747000
11015.143000
11028.338800
10960.268800
10939.880200
10813.673400
10761.973800
10651.878400
10620.655000
10534.429600
10483.051200
10474.505800
10421.821200
10175.469200
10076.830200
10064.720000
9945.984200
9841.090800
9876.950400
9765.757400
9526.324600
9530.519000
9548.820200
9416.719200
9186.613400
9051.762200
9039.179600
8850.106600
8714.458800
8601.927600
8504.109400
8405.350400
8308.210000
8109.621400
7862.168000
7766.482000
7690.880200
7565.327000
7353.467600
7264.513400
7190.213000
7060.970000
6931.600400
6825.534800
6733.695200
6668.712000
6538.249400
6488.050800
6442.107400
6368.082400
6211.939600
6113.407800
6051.302400
5948.601600
5861.384800
5779.051400
5686.681800
5720.532000
5615.292800
5476.880800
5425.020400
5376.986000
5342.013000
5301.952400
5220.118800
5170.888000
5181.074000
5100.943400
5033.621600
4993.314400
4988.018600
4877.125800
4825.549000
4742.502800
4692.916600
4598.138400
4560.251200
4521.802400
4427.833200
4335.860400
4261.903000
4206.883400
4160.882000
4093.248600
4007.875600
3955.754400
3901.429200
3850.795000
3747.607400
3617.520200
3576.788200
3526.733800
3511.045600
3443.871600
3356.983600
3272.261600
3206.993200
3152.371200
3029.103800
2949.243200
2904.678200
2823.589000
2741.242000
2635.580400
2614.893200
2544.034800
2499.566800
2447.781800
2383.554000
2336.092600
2286.212400
2242.191600
2175.983000
2139.851400
2072.757600
2015.719600
1962.516400
1905.939800
1863.065600
1803.186400
1769.869800
1734.248400
1665.490600
1628.589000
1568.327800
1537.008800
1466.616000
1433.238800
1411.182400
1350.861400
1326.789200
1281.062800
1236.432200
1214.194600
1168.667000
1136.239800
1116.894600
1093.278600
1042.927600
1016.549800
996.604400
965.248000
935.680600
903.800000
868.398400
840.269400
824.197400
798.526800
769.278200
737.909400
713.849600
692.345600
661.347400
634.759200
614.187800
593.408600
574.337800
552.229600
539.488400
517.972000
504.969800
491.727400
469.438800
454.908200
429.623400
416.932600
400.115200
384.804200
369.605200
354.932800
338.852800
325.156400
309.392200
298.001800
283.946600
271.369600
264.080800
252.961800
242.995600
233.394800
225.078200
216.423800
207.036200
196.088400
188.004600
183.442400
176.251600
167.536400
159.693000
152.757200
145.095600
138.733600
133.236200
126.951000
122.596400
114.320800
111.054000
105.008600
100.509000
97.192000
94.042400
89.466000
87.338200
81.413800
78.885600
75.683200
70.794200
66.830200
64.763800
63.424800
61.200800
58.034400
55.212400
52.184800
49.894600
47.795200
47.591200
43.769000
42.344600
40.701000
40.886600
38.522600
38.065200
37.125200
36.712200
33.462000
36.042600
32.725200
32.883600
32.457800
31.881800
30.865200
30.796800
30.617400
29.738000
29.631000
29.338400
29.839600
31.242400
29.201400
29.631600
29.362600
29.589400
29.782600
30.042400
27.639200
29.646200
28.189000
29.491200
29.764400
29.138400
28.218400
28.902200
27.501800
28.346000
27.512400
28.847200
27.952000
28.760000
27.560800
28.168000
27.961000
27.428000
26.787000
27.705400
26.186800
28.253400
27.401800
27.775400
26.326600
27.959800
25.975400
26.367200
26.529000
26.790000
26.004000
26.092800
26.524600
26.501200
25.062800
25.729800
24.421800
25.986600
24.801000
25.389800
26.314800
24.824000
24.074800
24.506400
26.249400
24.919000
24.397800
24.377000
23.490200
24.166800
23.887200
24.159600
23.808800
24.176000
23.541800
23.221600
22.969200
23.292200
22.115200
24.002800
23.186000
22.460200
22.922000
23.075400
21.945200
22.802000
22.189400
23.080000
21.796400
22.042000
21.677800
22.518600
21.454000
21.750400
19.973200
22.063400
21.367200
22.499200
21.385800
21.411000
20.866800
20.616800
19.397600
20.432400
20.590800
20.514200
19.386400
20.009800
19.856000
20.958400
19.200000
20.110600
19.593600
20.271800
19.640200
19.436200
18.721800
18.622400
17.551800
19.063400
18.696800
18.636600
18.293400
17.629800
18.012800
18.782400
17.574400
18.183400
18.543600
17.848200
17.032400
18.676400
16.839200
17.411600
16.920600
17.355600
16.122400
15.647400
16.357600
15.553000
15.849400
16.026200
15.126000
16.267200
14.504800
14.750200
15.209600
14.048000
14.068000
14.363800
13.816200
14.511000
14.483400
13.841400
13.164400
14.088800
13.999000
13.245000
12.897600
13.028600
13.890800
13.283000
12.675600
12.557800
11.667000
12.804000
12.089000
13.398400
12.373400
11.804600
10.301200
11.618000
10.871400
11.589200
9.132200
11.997000
11.319600
11.335800
10.462200
10.625600
10.285000
11.181600
9.979200
10.702200
9.258600
10.427000
8.744600
7.304600
6.811400
6.133600
3.994800
3.312400
3.339600
1.208400
-0.551600
-0.023600
