3.567000
5.391400
2.925600
4.676000
3.864400
5.429200
3.315200
5.123800
3.405200
5.207200
2.997600
5.976400
4.748400
5.171200
3.203600
4.959800
4.470000
6.008400
4.676600
5.466600
4.528000
4.959200
3.900600
6.458200
3.437600
5.243000
5.224600
6.160800
4.092000
5.626600
4.401400
6.459000
4.636600
5.928000
4.600800
6.430600
5.806200
6.460400
4.874600
6.664800
5.749800
6.333000
4.829800
6.543600
5.457200
6.941600
5.485600
6.031600
5.310200
7.690800
6.307200
7.150800
5.692800
7.383600
5.713400
7.423800
5.074200
8.098200
6.479600
7.638200
7.446000
7.738200
6.086400
6.494600
6.036800
8.518000
6.028600
8.031000
8.076800
8.339600
6.488800
9.057400
6.801600
9.099800
7.351600
8.771400
8.688600
9.116400
6.792400
9.679400
7.245000
9.627000
9.043800
9.114400
7.814800
10.662800
7.909800
10.073400
7.627600
10.033400
9.256600
9.387400
9.182600
9.459600
8.449400
10.669000
9.026600
11.242400
8.542400
11.143600
8.744200
11.060400
10.355200
11.771400
9.135800
10.791400
10.687200
11.203200
10.894400
13.492400
10.782000
12.521600
11.300600
12.657200
11.191400
14.059000
12.273000
13.903200
11.960000
14.171400
12.529200
14.795400
12.017200
15.003600
14.182800
15.325400
13.777000
14.064000
13.609000
15.145200
14.526600
16.624400
15.032000
17.090800
15.309600
16.320000
14.525400
17.205000
15.530400
17.743400
15.333600
17.041200
15.466800
17.001600
16.481800
18.318400
15.135400
18.239400
16.647600
18.541800
17.771000
18.504600
17.271000
19.189600
17.704200
19.915000
17.758200
20.439000
19.222400
21.141400
20.383000
22.722400
21.118000
23.071800
23.356600
24.501000
24.018200
25.813600
25.592600
28.060000
27.490800
29.704400
29.233600
30.987200
30.234000
32.905400
32.642000
36.979800
35.286000
39.105200
38.466200
41.860600
41.424200
44.789600
44.488200
47.074200
48.783600
50.974400
51.850200
54.671400
55.487600
59.174400
59.677400
65.029800
64.954400
67.818800
67.799400
72.962600
71.944000
74.963600
76.747400
79.623200
78.408600
82.626200
81.826600
83.752400
80.881600
83.658200
80.705400
82.776600
78.274400
81.032400
77.798200
77.061400
74.058600
74.568000
72.199600
73.231600
70.927000
73.426400
72.456000
75.394400
74.582800
79.845400
80.569200
85.518400
87.597200
96.569600
99.644800
109.929200
113.609400
123.538200
131.341400
139.464800
146.598200
153.164400
160.490400
170.489800
172.503400
179.699200
178.432200
187.472800
190.061400
190.674200
191.240400
191.029200
191.477800
189.773400
186.697400
186.095800
184.041600
182.449600
183.282600
184.191000
184.020600
186.104800
185.241400
191.452800
196.667400
204.100800
208.631600
217.125200
224.210600
233.424400
242.868400
252.665800
261.820800
267.795200
276.426000
281.512800
286.476800
292.378000
291.331400
292.179400
291.703400
284.922400
277.671800
268.948600
260.026600
246.559200
236.261800
224.867000
212.935000
202.244600
185.487400
177.102800
165.612600
157.395200
151.365800
147.378800
142.344200
143.189600
142.464800
148.798000
157.066800
168.079800
179.341400
197.257600
214.556000
237.150200
254.736800
278.311000
302.536200
324.566200
345.890800
370.249600
391.863200
415.820800
434.046600
451.969400
463.897800
478.360800
484.259000
491.535800
496.914600
496.959000
495.402000
491.749200
485.496400
480.808000
475.202600
470.919800
465.272000
462.173600
456.606000
446.224000
443.886600
447.231600
455.437800
464.424800
469.582600
479.233600
490.627400
516.797400
543.572000
568.481200
588.695800
620.062600
655.295800
687.871600
721.941400
769.505400
799.149400
852.805800
887.624600
921.212200
943.040600
980.223600
1019.803800
1034.751600
1032.735200
1064.174200
1060.695600
1044.010000
1027.640800
1013.131400
1002.152800
980.659200
928.997400
898.906400
860.543000
824.863600
790.441600
746.003000
712.390200
678.695400
640.096800
610.810600
589.470400
573.359000
565.446000
575.940200
585.715000
606.460800
633.311200
672.578800
743.888000
820.834200
892.702800
984.974000
1081.841600
1204.054600
1323.648600
1438.294000
1562.294400
1737.557000
1869.912800
1988.836600
2111.817800
2247.826800
2396.333600
2514.553400
2643.690400
2725.678200
2816.068800
2934.160600
3027.725400
3089.192200
3189.264200
3286.291600
3353.350600
3442.902600
3526.835600
3583.406200
3668.790200
3720.072800
3823.425800
3913.251400
3993.477400
4118.362400
4252.352800
4408.317200
4602.539600
4751.409600
4933.615000
5168.152000
5329.436800
5577.326200
5842.384000
6092.115800
6389.412000
6692.273600
7026.431800
7315.636200
7531.482400
7892.562000
8088.821600
8344.163400
8534.528200
8749.186600
8963.605800
9023.568200
9107.451400
9110.272600
9034.999000
9064.836400
9089.618600
8980.913400
8988.819600
8851.327200
8783.205200
8622.005600
8435.282800
8269.559800
8194.671000
7953.805400
7845.140600
7738.695800
7766.257200
7739.443600
7768.041200
7949.384200
8161.664000
8346.392800
8540.419800
8924.908200
9294.903600
9796.362200
10378.582200
11020.194600
11546.950400
12280.165000
13020.833800
13840.752400
14508.000000
15081.393600
15829.651200
16471.107800
17059.477000
17931.679200
18664.019200
18999.184600
19242.018400
19919.899000
20273.811600
20712.871400
20755.991800
21007.914600
21396.030400
21592.256200
21794.650200
21745.923800
21357.097200
21484.420600
21429.081200
21537.226400
21172.756800
21316.092800
21205.470400
21216.861800
21389.130400
21326.350600
21373.003000
21974.665600
22513.772200
23050.879800
23268.717800
23624.688400
24262.501000
24868.093000
25358.471200
26007.420600
26494.782600
27311.365800
27744.051800
28554.156600
29314.596000
29496.737200
30003.845200
30099.293800
30131.142800
30810.138600
30727.095600
30700.179400
30974.809000
31109.220600
31116.627600
30655.216400
30552.375200
30142.842000
29720.795800
29755.338000
29261.714800
28834.673400
28295.602400
27961.807000
28067.769400
27634.568800
27397.487800
27201.320200
27508.221000
27990.273800
28036.975600
28704.707600
29759.595400
30602.897800
31496.059400
32925.492600
33879.122800
35045.327600
36597.706400
37873.689200
39541.851000
40716.064000
42051.769600
44254.175000
46431.881200
47398.484400
47922.779800
49909.756400
50909.500400
51696.264600
52309.425800
52321.733000
52393.400400
53161.253200
53621.392800
53650.819200
53277.639000
53031.811600
52855.973800
52589.147200
52239.203400
52620.204800
51845.363200
51069.084200
49996.540400
49563.482400
48646.196400
48395.611400
47442.328600
47848.711000
47519.729800
47386.668600
47479.633200
46982.683000
47400.458600
47242.592400
48114.908000
48480.401000
48542.704400
49020.853000
49463.564400
49956.891800
50993.438800
50797.805600
50229.193000
50809.578000
51279.227400
51291.753000
50873.793200
51395.950600
50877.397800
49927.622400
49401.563800
49156.118000
48063.609400
47141.585800
47548.235200
45314.754800
44481.435400
43235.999000
41413.391000
40404.069000
38845.830800
37370.013000
36161.460800
34863.096800
33534.665800
33196.990200
32246.309600
31274.099400
30530.215200
30211.210200
30026.615000
29905.185400
30199.902400
30009.344000
29897.670600
30075.088200
30403.565000
30847.845400
30808.715200
31349.075800
31725.493600
31909.477000
32493.535800
32523.353800
32498.213000
32416.887600
32738.208200
32268.611400
32573.476600
32818.258000
32157.622600
31570.266200
31880.211600
31209.000200
31001.222600
30196.603600
29488.403800
29270.668400
28462.147200
27446.438000
26474.821400
25824.109800
25205.678400
24403.610200
23934.820600
23558.899000
22971.094200
22354.725200
21831.815000
21307.354400
20805.914000
20725.632400
20598.998600
20353.744000
20172.375400
20322.077600
20366.716800
20633.480200
20731.551200
20819.916800
20801.233800
20922.661800
21325.120600
21218.085200
21636.664800
21839.885800
22090.497000
22287.837400
22582.159800
22776.751000
23001.765200
23227.831600
23569.674000
24121.672000
24376.757200
24230.867000
24368.881800
24314.267600
24664.412000
24886.947600
24925.053600
25137.769800
25072.652800
25423.840200
25649.215600
25732.254400
25877.072200
26029.433800
26520.162000
26581.623800
27118.147000
27946.781000
28288.824800
28987.468600
29435.710800
29858.631800
30527.681000
31227.360800
32316.766800
33523.684600
34874.417800
35796.527000
36589.798600
37598.481400
38346.887800
39573.520600
40272.727000
41617.677000
43047.893600
44101.453800
45804.656000
46128.053800
47678.557600
48266.179200
48620.579200
50720.162600
51688.523000
51675.978400
51777.810200
51680.867400
51620.221800
51998.561800
52125.815400
52457.165400
52185.866600
52005.485400
51532.228200
51164.000600
51094.746000
51160.959800
51129.058600
49475.740000
49342.707000
49411.582000
49447.530200
49342.423400
48776.112800
49083.622400
49214.339000
48800.777800
48661.175400
48341.285000
47840.775800
47294.348200
48091.541600
47479.430000
47455.648000
47606.291800
48093.939000
48204.678400
48376.904000
48213.015800
48641.492800
48561.542600
49314.616200
49875.864000
48960.784000
48783.787000
48778.394000
49067.858400
48928.585600
48054.115000
48076.048400
47469.045400
47260.303600
46505.467600
45988.728600
45875.072800
45206.442000
44895.690000
44245.098600
44283.145400
43751.994800
42750.474600
41957.412000
41856.860200
41974.404000
41886.095600
42158.615000
41152.967400
41118.291600
40869.939800
41047.976200
40839.488200
40677.539000
40854.106000
41217.806600
41362.782400
41447.279000
41257.053400
41129.581200
41799.049000
42338.882600
42883.265800
43236.461800
43188.982400
43407.458600
43264.126800
43174.824000
42994.783600
42993.027000
43144.196000
42935.720200
42937.589800
42255.387000
42037.788200
41502.873000
40257.752400
40099.674600
39796.294400
38727.669400
37375.328000
36810.733000
36136.235600
35615.867400
34543.483400
33300.271400
32608.798200
31399.146600
30455.135800
30180.383200
29478.792400
28838.824400
28381.876400
27884.940600
26935.170000
26554.028800
26028.610000
25360.167400
24958.080600
24757.722800
24614.364400
24276.021400
24002.046800
23758.774000
23901.018400
24102.478600
23695.281400
23792.090400
23877.320800
23628.728800
23823.993800
24128.901200
24192.318600
24057.401400
24452.277600
24524.556000
24511.607000
24324.936800
24387.929400
24576.851400
24424.123800
24669.253800
24482.472600
24540.119400
24660.341600
24776.206400
24550.625200
24856.458400
24818.594000
24734.071000
24688.909600
24719.072800
24702.881000
25074.283600
25061.882000
25226.049000
25535.037200
25572.083600
25625.754200
25546.950800
25988.920800
26082.411800
26295.624600
26458.135600
26571.655000
26832.681000
26814.314400
27060.868200
27494.907200
27709.574400
27895.096600
27859.201400
27824.649000
27984.334200
28301.054800
28809.705200
29045.278000
28735.149200
28906.257200
29038.593400
28819.900000
28585.984200
28767.355600
28981.818600
28557.163200
28669.209600
28778.294400
28516.525200
28210.997600
28546.430200
28449.005200
27769.508400
27641.020000
27819.627400
27929.213200
27415.581200
27546.454600
27460.245000
27093.115600
26831.129600
26747.068200
26601.910600
26544.136200
26473.390400
26205.742400
26132.039600
26146.855000
26336.915600
26053.333800
25991.312400
25879.563600
25845.049200
25627.432600
25534.796200
25395.526600
25584.082000
25734.874400
25888.700400
26265.378600
26243.422200
25692.930800
25483.449600
25627.120600
25721.415000
25677.876400
25714.085800
25546.767200
25604.728200
25597.202200
25796.831800
25561.851600
25628.905800
25746.170600
25916.629600
25860.548200
25960.999200
25848.031400
25816.470200
25785.036600
25918.839400
25864.051200
25469.229600
25803.007600
25879.417200
26056.361000
26085.480800
26226.291600
26490.719400
26416.585200
26208.909000
26584.109000
26728.024800
26656.164600
27167.521400
27230.708000
27583.072400
27761.317800
28018.836800
28054.976600
28182.497000
28354.378400
28606.734400
28556.931400
28338.459400
28294.657200
28518.373600
28538.775000
28277.517400
28013.775400
27843.660800
27897.312000
27871.068600
27580.178200
27578.640400
27385.811000
26999.354000
26880.515800
26846.697000
26908.339600
26611.019800
26119.019600
25864.596800
25719.801000
25436.770600
25374.315000
24933.819800
24667.134600
24318.484200
24100.418600
23857.864800
23383.974200
22863.032800
22574.258400
22235.350000
21662.473600
21268.992200
20937.788800
20671.767000
20235.633200
19884.813800
19350.553400
18810.347800
18465.242200
18127.515000
17812.600400
17503.797200
17148.301600
16758.489800
16498.405600
16083.042200
15659.860800
15562.780000
15428.146400
15218.062000
15018.132200
14830.723400
14685.614000
14577.010600
14398.405800
14284.967400
14181.832600
14027.310000
14059.561000
14024.757800
13987.725800
13888.101800
13693.916800
13654.650800
13479.712800
13348.720200
13431.767200
13336.769800
13368.794200
13211.896200
13170.396000
13150.666800
13083.102400
12948.278200
12837.231800
12837.193400
12819.473400
12575.795400
12498.482200
12370.161200
12253.504000
12202.422800
12038.231000
11802.371400
11534.327200
11389.663200
11211.645400
11010.987200
10787.744600
10614.122400
10547.447400
10376.530200
10190.108000
10047.676400
9998.739800
9798.713000
9682.584800
9600.046800
9316.671000
9201.417400
9068.827800
9054.132800
8974.623800
8812.167000
8740.008400
8730.325800
8608.756600
8454.265800
8224.400800
8169.664800
8071.631800
8013.752200
7819.983200
7667.507600
7532.791600
7396.586800
7315.816000
7233.262800
7038.048400
6903.522000
6775.976800
6667.732400
6508.503600
6358.555200
6252.040000
6152.574000
6069.719600
5919.989000
5724.294600
5596.543800
5465.588000
5387.464000
5313.893200
5175.803800
5135.493200
5059.361800
4969.393800
4847.875200
4815.299000
4857.331000
4817.071800
4725.730400
4676.411200
4698.218400
4659.472600
4675.696200
4656.343800
4622.945400
4552.510200
4489.946600
4484.401800
4480.897800
4473.915800
4426.868200
4339.069200
4332.100600
4342.709800
4325.898600
4307.813600
4247.624800
4232.058600
4264.949800
4245.553000
4159.388200
4200.561800
4151.947800
4171.767600
4179.940600
4129.514200
4095.520200
4122.881800
4062.957600
4047.031600
4038.424600
4036.728200
3994.144000
3960.968000
3966.665800
3918.267200
3892.893800
3874.854800
3879.024000
3880.672800
3850.535200
3829.660800
3832.006200
3847.613600
3819.517200
3772.705800
3758.091800
3741.217200
3722.387600
3680.840000
3634.603400
3609.087600
3608.798800
3578.766000
3532.789600
3506.730000
3500.205400
3487.177000
3449.431000
3407.372800
3401.548800
3340.914200
3337.589400
3322.551800
3273.320400
3276.357000
3232.577600
3238.853200
3261.781800
3225.871200
3132.773200
3150.786200
3138.152000
3106.002200
3029.876800
2999.078400
3002.989400
2934.658600
2922.407000
2890.464200
2812.405200
2808.147400
2780.990200
2773.707600
2741.336600
2665.100800
2623.679600
2599.283400
2518.278400
2490.592000
2460.819400
2414.400000
2374.512000
2330.398200
2273.027000
2236.641600
2199.499400
2162.315000
2110.816000
2091.978400
2038.340800
1950.441200
1937.554000
1904.519400
1868.006800
1831.351400
1834.380400
1795.259600
1764.761800
1743.788400
1710.503600
1695.306800
1690.373400
1675.581800
1674.448000
1657.538800
1621.596800
1600.246400
1579.550000
1546.913000
1551.602400
1536.198800
1506.012000
1493.814000
1478.071400
1463.833600
1447.228400
1445.344600
1451.045800
1449.001000
1421.090800
1415.142600
1384.138400
1352.565200
1330.956400
1328.187200
1312.686400
1290.165000
1280.971400
1259.798000
1230.152600
1196.693600
1187.294400
1184.695200
1149.413000
1130.813400
1108.384200
1096.936200
1078.943800
1053.699600
1035.097600
1017.913600
990.769600
963.235200
936.887200
929.403800
907.599200
884.692200
856.197000
854.704000
845.530400
829.309200
799.940800
784.060800
767.931800
755.652000
740.816600
725.656400
703.677600
689.949000
674.485400
661.327600
640.487600
618.392400
602.335800
589.503600
580.034400
568.945800
544.258400
539.560600
523.503000
512.123800
506.410800
497.026000
475.222800
461.652400
449.469400
443.241200
426.512800
413.042200
404.850600
386.807000
380.177800
366.234600
357.170600
344.559600
334.589800
324.174400
311.990000
306.588600
300.166000
288.778400
279.243400
274.757400
262.710800
255.422200
242.135400
237.701600
230.163600
226.653400
217.357200
209.475800
199.252600
197.797800
189.313600
183.124400
172.422000
168.499800
160.563400
157.888800
149.328200
144.697400
138.416600
134.269200
127.146200
125.103200
119.588800
118.542800
110.568400
109.114200
99.157800
100.440600
93.755600
92.766800
87.089800
85.211600
80.140800
79.014200
73.753800
72.520200
70.048400
67.492600
63.274400
63.375600
58.530400
58.335000
54.975200
55.315600
49.323600
50.930200
46.225000
47.210400
42.882800
43.606000
41.084600
41.085000
38.084000
38.766400
35.378000
36.104200
34.011800
33.325600
30.977200
31.528200
28.540200
29.975800
26.840800
28.284800
25.838400
26.342400
23.788800
25.634600
21.807200
24.687200
21.791000
23.372600
20.361000
22.222600
19.668600
22.775200
19.011200
21.320200
18.494000
21.340600
17.625200
19.775600
16.843800
19.887800
17.003200
20.082800
16.801400
18.102000
15.697000
18.234400
17.493600
17.602400
16.469400
17.119600
16.160600
18.703400
15.218600
17.894400
15.945200
17.374200
16.803000
17.591200
14.688400
16.592400
14.632400
16.096200
13.985800
15.980000
13.010400
17.741200
14.460000
17.018000
13.816800
16.424000
14.429000
17.342000
13.545000
16.431400
13.268800
15.617400
13.893800
15.627400
13.422600
16.375800
12.761400
15.009200
13.831000
14.720000
12.844000
13.522800
14.022600
14.875200
12.280800
14.147800
11.725800
13.384600
11.459000
12.937800
12.268800
14.542000
12.328800
13.826400
11.931400
13.829000
12.247800
13.885000
10.852200
13.736800
10.861200
13.325600
11.586800
13.370000
10.893800
12.873600
10.967200
13.076200
9.909200
12.614800
10.012000
12.062200
9.238000
12.135400
10.791200
13.030000
9.089400
12.182000
9.892400
11.810000
10.291800
11.372600
9.998000
11.918400
9.773200
11.915400
9.611200
10.845200
7.943800
11.115000
8.854800
11.470800
8.777600
9.170400
10.030800
10.974200
7.760400
10.477800
8.426000
10.430400
7.680000
10.304600
7.937600
10.315800
7.664200
10.324200
7.303800
9.548400
7.407800
9.427400
7.624800
10.372600
6.547400
9.809800
7.572800
9.988400
7.102400
9.799400
7.469600
9.614200
6.336400
9.624400
7.525200
8.857600
5.998600
9.071600
7.170400
8.723400
6.043600
8.595000
5.963400
8.882200
6.814000
7.997200
7.418800
9.246200
6.355600
7.612000
5.880000
7.579800
5.288200
7.757000
5.873400
7.343400
6.638400
8.416800
5.537000
7.069000
6.299600
7.596600
5.530800
7.319000
4.907600
6.923800
5.253000
7.950000
3.551000
7.468400
4.815400
6.936600
4.909200
6.926000
4.731400
7.045200
4.772200
6.155000
6.017600
5.871800
3.928200
7.083600
4.439000
6.269600
4.409200
7.394200
4.732600
6.795000
4.314600
5.028600
2.349400
3.963600
0.502800
1.620400
-1.550400
-0.159600
-4.477600
-2.095600
