4000.000000000
4020.000000000
4040.000000000
4060.000000000
4080.000000000
4100.000000000
4120.000000000
4140.000000000
4160.000000000
4180.000000000
4200.000000000
4220.000000000
4240.000000000
4260.000000000
4280.000000000
4300.000000000
4320.000000000
4340.000000000
4360.000000000
4380.000000000
4400.000000000
4420.000000000
4440.000000000
4460.000000000
4480.000000000
4500.000000000
4520.000000000
4540.000000000
4560.000000000
4580.000000000
4600.000000000
4620.000000000
4640.000000000
4660.000000000
4680.000000000
4700.000000000
4720.000000000
4740.000000000
4760.000000000
4780.000000000
4800.000000000
4820.000000000
4840.000000000
4860.000000000
4880.000000000
4900.000000000
4920.000000000
4940.000000000
4960.000000000
4980.000000000
5000.000000000
5020.000000000
5040.000000000
5060.000000000
5080.000000000
5100.000000000
5120.000000000
5140.000000000
5160.000000000
5180.000000000
5200.000000000
5220.000000000
5240.000000000
5260.000000000
5280.000000000
5300.000000000
5320.000000000
5340.000000000
5360.000000000
5380.000000000
5400.000000000
5420.000000000
5440.000000000
5460.000000000
5480.000000000
5500.000000000
5520.000000000
5540.000000000
5560.000000000
5580.000000000
5600.000000000
5620.000000000
5640.000000000
5660.000000000
5680.000000000
5700.000000000
5720.000000000
5740.000000000
5760.000000000
5780.000000000
5800.000000000
5820.000000000
5840.000000000
5860.000000000
5880.000000000
5900.000000000
5920.000000000
5940.000000000
5960.000000000
5980.000000000
6000.000000000
