0.157598993	0.157523461	0.157721065	0.157598993	0.157732509	0.157521935	0.157500572	0.157578393	0.157563897	0.157507439	0.157627985
0.146969558	0.146813916	0.146934463	0.147047379	0.146868849	0.146985580	0.146884108	0.146791791	0.147057298	0.146769665	0.146929885
0.155049973	0.155078202	0.155085832	0.155113298	0.154896620	0.155092699	0.155001907	0.155136950	0.155018692	0.155116350	0.155135424
0.147316701	0.147286183	0.147212177	0.147138170	0.147341878	0.147179370	0.147248035	0.147319753	0.147233539	0.147230488	0.147165637
0.156932174	0.156900130	0.156834516	0.156849012	0.156903182	0.156873426	0.156966506	0.156982528	0.156661326	0.156962692	0.156900893
0.147170214	0.146907759	0.147145037	0.147054246	0.147129015	0.147091630	0.147107652	0.147009995	0.147119097	0.147119097	0.147182422
0.158704509	0.158818189	0.158712902	0.158824292	0.158793011	0.158845655	0.158847944	0.158807507	0.158895247	0.158766308	0.158892958
0.150418097	0.150395972	0.150391394	0.150484474	0.150321965	0.150411994	0.150360113	0.150360113	0.150374609	0.150556191	0.150383764
0.155642023	0.155538262	0.155571069	0.155460441	0.155559625	0.155434501	0.155574121	0.155468833	0.155577173	0.155403983	0.155596246
0.150068666	0.150060273	0.150052644	0.150046540	0.150085451	0.150273899	0.150244144	0.150113680	0.150052644	0.150066377	0.150213626
0.159649042	0.159632258	0.159572747	0.159856565	0.159497978	0.159726101	0.159502556	0.159729152	0.159599451	0.159539940	0.159629969
0.143593500	0.143440909	0.143581292	0.143500420	0.143488212	0.143524834	0.143520256	0.143539330	0.143512627	0.143295186	0.143421836
0.155619135	0.155323873	0.155517662	0.155398642	0.155510033	0.155506981	0.155443656	0.155423056	0.155410086	0.155477226	0.155525292
0.144145113	0.143999390	0.143939117	0.144152743	0.144046693	0.143997864	0.143923857	0.143908598	0.144055848	0.143923857	0.144073396
0.159700160	0.159852750	0.159794766	0.159997711	0.159885557	0.159870298	0.159862669	0.159984741	0.160037385	0.159938964	0.160112154
0.145587091	0.145689326	0.145606928	0.145668727	0.145644312	0.145526818	0.145759518	0.145523766	0.145637446	0.145686275	0.145645838
0.161979858	0.161909667	0.161834897	0.162187381	0.161918822	0.161958495	0.162043946	0.161939422	0.162158389	0.161988251	0.161939422
0.145539788	0.145595483	0.145634394	0.145359731	0.145677119	0.145603113	0.145741970	0.145622950	0.145709163	0.145501640	0.145664912
0.156794842	0.156895552	0.156672770	0.156823835	0.156787213	0.156852827	0.157077134	0.156777295	0.156836042	0.156984817	0.156870375
0.149676509	0.149877165	0.149539178	0.149769589	0.149710842	0.149506371	0.149708553	0.149652857	0.149763485	0.149626154	0.149716182
0.159327077	0.159505608	0.159183642	0.159436179	0.159431601	0.159649805	0.159481193	0.159520867	0.159713130	0.159431601	0.159311055
0.145419242	0.145359731	0.145232319	0.145307851	0.145310903	0.145266651	0.145418479	0.145253681	0.145458152	0.145612268	0.145351339
0.158032349	0.158148318	0.158073548	0.158179599	0.158065156	0.158004120	0.158005646	0.157945373	0.157986572	0.158126192	0.158086519
0.145856413	0.145870909	0.145943389	0.145873960	0.145949493	0.145841154	0.146009766	0.145994507	0.145843442	0.146016632	0.145915923
0.159992370	0.160180056	0.160055695	0.159982452	0.159843595	0.159833677	0.159948119	0.159787137	0.159891661	0.159825284	0.159949645
0.148056764	0.148171969	0.148133059	0.148257420	0.148245975	0.148155947	0.148120851	0.148484779	0.148179599	0.148148318	0.148073548
0.157361715	0.157421988	0.157447929	0.157312123	0.157264057	0.157298390	0.157364767	0.157343404	0.157305257	0.157357900	0.157383078
0.144262608	0.144440375	0.144364843	0.144359503	0.144361791	0.144193942	0.144293889	0.144345769	0.144430457	0.144280919	0.144371710
0.155844205	0.155823606	0.155822843	0.155870146	0.155922789	0.155893797	0.155897612	0.155755703	0.155651942	0.155795377	0.155883116
0.156142519	0.156186770	0.156227207	0.156147097	0.156216526	0.156054780	0.156232547	0.156290532	0.156096742	0.156105898	0.156073091
0.155807584	0.155783169	0.155658808	0.155686275	0.155817502	0.155824369	0.155666438	0.155709926	0.155641260	0.155629053	0.155825895
0.144702068	0.144709697	0.144859236	0.144631876	0.144546426	0.144705119	0.144770733	0.144679942	0.144747845	0.144700542	0.144869917
0.159113451	0.159257649	0.159119554	0.159170672	0.158972305	0.159005112	0.159217975	0.159158465	0.159274434	0.159161517	0.158999771
0.146017395	0.145905241	0.145982300	0.145979248	0.145943389	0.145856413	0.145955596	0.145993744	0.145972381	0.145957885	0.145874723
0.159147021	0.159121080	0.158993668	0.159200427	0.159299611	0.159060044	0.159004349	0.159219501	0.159250019	0.159211872	0.159230945
0.149418631	0.149439231	0.149441520	0.149452201	0.149394217	0.149407950	0.149347677	0.149501793	0.149402609	0.149378195	0.149446860
0.158249790	0.158077363	0.158049134	0.158070497	0.158023957	0.158149081	0.157982757	0.158039979	0.158258183	0.158255131	0.158082704
0.146268406	0.146227207	0.146110475	0.146195163	0.146102846	0.146147860	0.146102846	0.146266880	0.146076143	0.146213474	0.146109712
0.153849851	0.153853666	0.153833066	0.153945220	0.154040589	0.153749905	0.153939879	0.153965057	0.153910124	0.153854429	0.153842222
0.149099718	0.149197375	0.149227131	0.149204242	0.149155413	0.149243153	0.149207294	0.149149310	0.149100481	0.149256886	0.149010452
0.162253758	0.162162203	0.162330053	0.162150759	0.162188907	0.162410925	0.162217136	0.162085145	0.162301061	0.162235447	0.162200351
0.145883879	0.145813687	0.146105898	0.146070802	0.145885405	0.145947967	0.145913634	0.146100557	0.145881590	0.145960937	0.145893034
0.160698100	0.160463111	0.160400549	0.160418860	0.160402075	0.160551614	0.160599680	0.160482948	0.160498207	0.160553902	0.160537881
0.144999619	0.144834058	0.144812696	0.144852369	0.144760815	0.145017929	0.144901198	0.144750896	0.144833295	0.145003433	0.144927138
0.159441520	0.159327840	0.159344625	0.159394217	0.159385061	0.159336995	0.159359884	0.159329366	0.159251545	0.159432364	0.159469749
0.148990616	0.149111162	0.149110399	0.149063859	0.148947890	0.149025711	0.149102007	0.149182116	0.148962387	0.149075303	0.149137865
0.157900359	0.157995727	0.158058289	0.157988861	0.157960632	0.158056001	0.157785153	0.157771420	0.157903410	0.158046082	0.158122377
0.146397345	0.146417182	0.146446174	0.146594949	0.146147860	0.146369879	0.146359960	0.146395056	0.146344701	0.146591897	0.146377508
0.160097658	0.159845121	0.159948882	0.159924468	0.159924468	0.159887846	0.159731441	0.160219730	0.159939727	0.159841306	0.159922942
0.146233310	0.146095216	0.146050965	0.146012055	0.146019684	0.146240940	0.146150149	0.146075380	0.145988403	0.146083772	0.146034943
0.165408560	0.165330739	0.165479515	0.165690089	0.165582513	0.165533684	0.165391012	0.165392538	0.165323110	0.165479515	0.165508507
0.148821241	0.148881514	0.148962387	0.148861677	0.148827344	0.148831159	0.149067674	0.149015030	0.148791485	0.148960861	0.149022660
0.159462882	0.159431601	0.159664302	0.159488823	0.159412528	0.159313344	0.159567407	0.159601740	0.159588769	0.159614710	0.159789425
0.149154650	0.148915846	0.149073014	0.149113451	0.149055467	0.149056992	0.149179828	0.149134051	0.149216449	0.149369039	0.149057755
0.159530022	0.159411765	0.159392691	0.159534600	0.159421683	0.159437705	0.159309529	0.159573510	0.159237049	0.159214923	0.159268330
0.152804608	0.152788586	0.152922866	0.152818341	0.152883192	0.152961776	0.152892348	0.152954910	0.152803845	0.152886244	0.153078508
0.155467308	0.155519951	0.155517662	0.155583276	0.155569543	0.155458152	0.155465019	0.155542077	0.155369650	0.155648890	0.155542840
0.142272068	0.142478065	0.142175174	0.142354467	0.142233158	0.142401770	0.142306401	0.142317845	0.142086671	0.142301061	0.142362860
0.158763256	0.158725109	0.158749523	0.158619059	0.158802930	0.158807507	0.158804456	0.158851759	0.158756390	0.158883803	0.158791485
0.146039521	0.146231785	0.146181430	0.146002899	0.146043336	0.145938811	0.145994507	0.145989929	0.146015106	0.146002136	0.146192111
0.154250401	0.154297704	0.154031434	0.154184787	0.154076448	0.154168765	0.153978790	0.154206149	0.154233616	0.154118410	0.154274815
0.147060349	0.147019150	0.147132067	0.147156481	0.147077897	0.147115282	0.147084001	0.147089342	0.146903944	0.147113756	0.147016098
0.159682612	0.159520104	0.159778744	0.159584192	0.159638361	0.159725338	0.159703212	0.159820706	0.159587243	0.159559014	0.159562066
0.148337530	0.148289464	0.148292515	0.148329900	0.148235294	0.148316930	0.148379492	0.148419165	0.148301671	0.148355077	0.148439002
