0.160431067	0.162219425	0.164963760	0.166117342	0.166518654	0.167068742	0.167005417	0.167125963	0.166762799	0.165809110	0.165156023	0.163888762	0.162504005	0.161172656	0.159967956	0.159296559	0.158730449	0.158276493	0.157927062	0.157801175	0.157634089
0.150047303	0.151964599	0.155360494	0.156621653	0.156691081	0.157212940	0.157026017	0.157062638	0.156758221	0.155374228	0.154423590	0.153105211	0.152032502	0.150328069	0.149388876	0.148532082	0.147960632	0.147584497	0.147353323	0.147062638	0.147009995
0.158295567	0.160135042	0.163439384	0.164942397	0.164921798	0.165571832	0.165329976	0.165516136	0.165147631	0.163968872	0.163060960	0.161507591	0.160170138	0.158702220	0.157451743	0.156728466	0.156076905	0.155642023	0.155329213	0.155275807	0.155146105
0.150363165	0.152281987	0.155111009	0.156714733	0.157052720	0.157568475	0.157307546	0.157390707	0.156832990	0.155793851	0.155013352	0.153560693	0.152230106	0.150542458	0.149562829	0.148697642	0.148091096	0.147928588	0.147510491	0.147472343	0.147306020
0.159979400	0.161943236	0.164869154	0.166677348	0.166757458	0.167513542	0.167531090	0.167513542	0.167078660	0.166137179	0.165166705	0.163673610	0.162364385	0.160521859	0.159459831	0.158425269	0.157889677	0.157391470	0.157053483	0.157200732	0.156777295
0.150081636	0.152095064	0.154428168	0.155849546	0.155899901	0.156218814	0.156082246	0.155978485	0.155543603	0.154384680	0.153595789	0.152543679	0.151475547	0.150028992	0.149165332	0.148502327	0.147982757	0.147599756	0.147235828	0.147013046	0.147192340
0.162043946	0.163572900	0.166194400	0.168002594	0.168193332	0.168801404	0.168974594	0.169098955	0.168860914	0.167959106	0.167109941	0.165545129	0.164444190	0.162663462	0.161381704	0.160513466	0.159923705	0.159423209	0.159340047	0.158937972	0.159042496
0.153274586	0.155049973	0.157328145	0.158654917	0.159037156	0.159407950	0.159320974	0.159155413	0.158741894	0.158006409	0.157240406	0.155970092	0.155053025	0.153720150	0.152491798	0.151924163	0.151200885	0.150795758	0.150769818	0.150517281	0.150552377
0.158191043	0.159953460	0.162362097	0.163763638	0.164419013	0.165381094	0.165529870	0.165672541	0.165671778	0.164534981	0.163868162	0.162165255	0.160946059	0.159215686	0.157927825	0.157006180	0.156338598	0.155845731	0.155704585	0.155538262	0.155374228
0.152516213	0.154279393	0.156340124	0.157766842	0.158233768	0.158884565	0.158788434	0.159023423	0.158636606	0.157837034	0.157016861	0.155789273	0.154468605	0.153051041	0.152271305	0.151203937	0.150859083	0.150182345	0.150234226	0.150027466	0.149865721
0.162324712	0.163907073	0.166193637	0.167392996	0.167886625	0.169044785	0.169275196	0.169629969	0.169774166	0.168856336	0.167946899	0.166504921	0.165214771	0.163450828	0.162352178	0.161269551	0.160691234	0.160217441	0.160035859	0.159948882	0.159678798
0.146266117	0.147944610	0.150124361	0.150999466	0.151642634	0.152333867	0.152413977	0.152320897	0.152316320	0.151676967	0.150763714	0.149592584	0.148451972	0.147066453	0.145858701	0.145071336	0.144686046	0.144016938	0.143888762	0.143656062	0.143546197
0.158268101	0.159876402	0.162059968	0.162858778	0.163453117	0.164411383	0.164429694	0.164537270	0.164621958	0.163669032	0.163170062	0.161635004	0.160753033	0.159011215	0.157930877	0.157129778	0.156334783	0.155819028	0.155629816	0.155388724	0.155331502
0.146337072	0.148319219	0.150292210	0.151217670	0.151789120	0.152589456	0.152662699	0.152712291	0.152903029	0.152169833	0.151630426	0.150328069	0.149079881	0.147499046	0.146186007	0.145240711	0.144599069	0.144084840	0.144159609	0.143891814	0.143746853
0.162625315	0.164320592	0.166139467	0.167125200	0.167930114	0.168608377	0.168855573	0.168789197	0.168641184	0.167963684	0.167354849	0.166018921	0.164850080	0.163317311	0.162122530	0.161364157	0.160895705	0.160260929	0.159904631	0.159879454	0.159621576
0.148237583	0.149926757	0.152388800	0.153082322	0.153744564	0.154576181	0.154458686	0.154538796	0.154302281	0.153471427	0.152791638	0.151474022	0.150181582	0.148504616	0.147642481	0.146669718	0.146067750	0.145552758	0.145348287	0.145194171	0.145234607
0.164496834	0.165843442	0.167708095	0.168621347	0.169370565	0.170498207	0.171039902	0.171538109	0.171755550	0.171330587	0.170711070	0.169477379	0.168236820	0.166247044	0.165091173	0.163857481	0.163377584	0.162618448	0.162365911	0.162108797	0.162104982
0.148460365	0.149900816	0.151953918	0.153221180	0.153949035	0.155558099	0.156246281	0.157189288	0.158009461	0.157355612	0.156808576	0.155019455	0.153443198	0.151026932	0.149325551	0.148041505	0.147045090	0.146455329	0.146202029	0.145665675	0.145646601
0.159468986	0.161253529	0.163072404	0.164068818	0.164893568	0.166552224	0.167379263	0.168300908	0.168991379	0.168339818	0.167737087	0.166089876	0.164396887	0.162008850	0.160460060	0.159183642	0.158158236	0.157627222	0.157107652	0.157140459	0.156907759
0.152404059	0.153811704	0.156039521	0.157055009	0.157920958	0.159634546	0.160392920	0.161362631	0.161894408	0.161631189	0.160878920	0.159179828	0.157196918	0.154878309	0.153234150	0.151875334	0.151228351	0.150316625	0.149965667	0.149725338	0.149597162
0.162227054	0.163630884	0.165808347	0.166748302	0.167530327	0.168789197	0.169866484	0.170930037	0.171190204	0.170901808	0.170272374	0.168503853	0.166938277	0.164650187	0.162858015	0.161690700	0.160980392	0.160166323	0.159687953	0.159617762	0.159543755
0.148249790	0.149530785	0.151644160	0.152929732	0.153439384	0.155103380	0.156139467	0.157077897	0.157842374	0.157651637	0.156887160	0.155138476	0.153460746	0.150986496	0.149221027	0.147692836	0.146968795	0.146203555	0.145673304	0.145587854	0.145593194
0.160886549	0.162397955	0.164199283	0.165432975	0.166145571	0.167779812	0.168621347	0.169562829	0.170515755	0.170254826	0.169510185	0.167846189	0.166090639	0.163450828	0.161918822	0.160621805	0.159679561	0.158980697	0.158546578	0.158455024	0.158308537
0.148624399	0.149876402	0.151955444	0.153215839	0.153767453	0.155005722	0.156372168	0.157626459	0.158259709	0.158028534	0.157615778	0.155903716	0.154071107	0.151609827	0.149626154	0.148352789	0.147391470	0.146594186	0.146283665	0.145992218	0.146083772
0.162388037	0.163938354	0.165666438	0.167182422	0.167671473	0.168932631	0.170454719	0.171519036	0.172365911	0.172076753	0.171663233	0.170015259	0.168105592	0.165511559	0.163533227	0.162169070	0.161516747	0.160576791	0.160421149	0.159973297	0.159983215
0.150783551	0.151989776	0.154003204	0.155204089	0.155713741	0.157118334	0.158313878	0.159649042	0.160262455	0.160057221	0.159530785	0.157824063	0.156393530	0.153920043	0.151941711	0.150662242	0.149785611	0.148889906	0.148525216	0.148223850	0.148152895
0.160426490	0.161559472	0.163659876	0.164778363	0.165412375	0.166396582	0.167689021	0.169108110	0.169927520	0.169628443	0.168892195	0.167488365	0.166074617	0.163291371	0.161423667	0.160259403	0.159433890	0.158466468	0.157932403	0.158004883	0.157919432
0.146770428	0.147968261	0.149817655	0.151326009	0.151955444	0.152743572	0.153813993	0.155452049	0.156297398	0.156133364	0.155337606	0.154004730	0.152459754	0.149935912	0.148086519	0.146727703	0.145874723	0.145045396	0.144769970	0.144432746	0.144331273
0.158417639	0.159779507	0.161692226	0.163079271	0.163643854	0.164356451	0.165752651	0.167022202	0.168102541	0.167508965	0.167045090	0.165661860	0.164119936	0.161688411	0.159919890	0.158470283	0.157583734	0.156694133	0.156345464	0.156122683	0.156080720
0.158518349	0.159525444	0.161664759	0.162724498	0.163177691	0.163892576	0.164886702	0.166378271	0.167128252	0.166694896	0.166493477	0.165235370	0.163760586	0.161235218	0.159812314	0.158464179	0.157456321	0.156675822	0.156600290	0.156132601	0.156169986
0.158336004	0.159470512	0.161549554	0.162742046	0.163215839	0.163926909	0.164952316	0.166240177	0.166974899	0.166871138	0.166403449	0.164805066	0.163461509	0.161018540	0.159729152	0.158252842	0.157479973	0.156691844	0.156310369	0.156073854	0.155891508
0.147357137	0.148749523	0.150759899	0.151957733	0.152511635	0.153073167	0.153739223	0.155181201	0.155856413	0.155648127	0.155146105	0.153602655	0.152528420	0.149912261	0.148741131	0.147387655	0.146383612	0.145760281	0.145541314	0.145154498	0.145094987
0.246124971	0.385877012	0.991429007	1.588133059	2.078474098	2.660207523	2.820090028	2.798020905	2.358143740	1.909544518	1.255456626	0.857033646	0.431065080	0.301018540	0.212748150	0.176726940	0.165951019	0.162450599	0.161013962	0.160092317	0.159665064
0.256185245	0.313918517	0.959708553	1.565825132	2.061080339	2.677542535	2.863819333	2.861008621	2.513720912	2.004489967	1.210676738	0.895732815	0.486449989	0.325074388	0.208984512	0.167074846	0.155586328	0.149952697	0.148115511	0.147071031	0.146955062
0.325933471	0.288870069	0.926311894	1.512699321	1.991868467	2.630101472	2.863284504	2.839725338	2.708087282	2.105579461	1.383697261	0.909902342	0.609713130	0.364415198	0.233972686	0.187573816	0.171078813	0.162652781	0.161091020	0.160232700	0.159922179
0.368773938	0.265313954	0.878012512	1.419278248	1.877338827	2.524582284	2.796543069	2.923150225	2.765751888	2.092819867	1.594323644	0.985577173	0.635819791	0.334012360	0.211110857	0.179134051	0.160147250	0.153070878	0.151241321	0.150129702	0.150007630
0.391223774	0.267193103	0.795901427	1.360714122	1.827232013	2.493883421	2.829908446	2.995026322	2.827442588	2.370996414	1.723134966	1.130920119	0.662601663	0.349900053	0.239655146	0.195268177	0.167965972	0.162767224	0.160569162	0.159280537	0.158921187
0.382665751	0.256256962	0.660954452	1.257643244	1.726758221	2.416165408	2.800193027	2.985575647	2.857881285	2.500878920	1.676789502	1.170317388	0.592342260	0.408828870	0.247168688	0.179427787	0.157595178	0.152185092	0.148397803	0.147182422	0.146800183
0.376710155	0.241777676	0.530095369	1.151501488	1.597622644	2.264911879	2.658769360	2.879179828	2.922536812	2.468930343	1.770880446	1.169515526	0.789049363	0.436714733	0.281405356	0.191601434	0.166900893	0.159856565	0.156129549	0.155267414	0.154624247
0.364435798	0.252422370	0.407154955	1.051894408	1.506570535	2.158914321	2.573527886	2.865289540	2.951506828	2.349240101	1.942510109	1.257447166	0.864301518	0.396726940	0.284845502	0.200358587	0.162305638	0.155439841	0.151927214	0.150505837	0.150044251
0.365294118	0.300170138	0.345099565	1.014925612	1.457413596	2.110250248	2.580305943	2.922547494	3.004687572	2.617050431	2.094985122	1.256073091	0.923732357	0.526896315	0.344466316	0.225693141	0.181592279	0.171869230	0.165417716	0.163929198	0.162960250
0.337698939	0.355851835	0.283565270	0.951817350	1.359433890	2.000688945	2.479355306	2.856566720	3.002026398	2.735880064	2.107750057	1.491272602	0.911772335	0.591736477	0.335978485	0.215763333	0.169877928	0.157406729	0.148668650	0.147536431	0.147108415
0.340231174	0.405790799	0.286598001	0.895290303	1.298170443	1.925336843	2.413064012	2.853469902	3.122539864	2.821758602	2.271907378	1.679256123	1.063441672	0.643569085	0.331536584	0.221127642	0.187837034	0.169339284	0.163929961	0.162066835	0.161432822
0.310698100	0.392488746	0.259815366	0.748892958	1.202071412	1.811093309	2.304332036	2.774663920	3.077457084	2.728547341	2.419205768	1.720622568	1.149960327	0.588663310	0.346169986	0.226005951	0.176083772	0.154071870	0.149182879	0.146644541	0.145516136
0.311997406	0.402781720	0.266379797	0.636720073	1.138256657	1.727817197	2.227016098	2.723138781	3.016632334	2.815753414	2.510820172	1.633200580	1.150092317	0.609891661	0.417103075	0.263780423	0.185423056	0.170505074	0.165057603	0.161152819	0.160454719
0.288128481	0.380726329	0.252172885	0.485975433	1.042235447	1.615439078	2.116537728	2.628153658	3.016070802	2.888280308	2.459397269	1.860174716	1.216465248	0.780932326	0.402077516	0.272882429	0.185075151	0.160853742	0.153533227	0.150867475	0.150373083
0.287666133	0.379172961	0.273189899	0.401854734	0.990209049	1.554844739	2.053526360	2.600355535	3.040797284	2.960960555	2.482264439	2.005049973	1.253380636	0.860917830	0.410788128	0.301993591	0.204621195	0.170817884	0.164711223	0.160444800	0.159543755
0.258303197	0.345400168	0.292772564	0.321541161	0.894366369	1.414940871	1.890935378	2.442084382	2.923743801	2.806803235	2.638242924	2.041865415	1.257088579	0.836821546	0.520246433	0.325980011	0.203656825	0.166554513	0.155941100	0.148635843	0.147930114
0.245799954	0.325851835	0.374656291	0.243453117	0.770250248	1.273315023	1.716630045	2.209929808	2.613796445	2.597225147	2.442694743	1.814274052	1.392896162	0.808258183	0.543376822	0.317898833	0.211956207	0.182085145	0.169115740	0.161741817	0.161213092
0.221358816	0.300041962	0.369055467	0.223632410	0.674550240	1.156167697	1.581674678	2.082951095	2.568484779	2.620449378	2.499705501	2.020842298	1.500273899	0.921960784	0.567939269	0.297956817	0.201448844	0.173462272	0.153528649	0.148670939	0.147843900
0.232947280	0.310001526	0.386655222	0.244502937	0.597676051	1.119092088	1.546108949	2.067958343	2.585511559	2.664070344	2.485684749	2.178622110	1.561097124	1.027747768	0.528200961	0.363642329	0.237361715	0.193434806	0.174276341	0.168958572	0.167211414
0.213887999	0.289719234	0.373408865	0.233000687	0.486555276	1.062639811	1.500591287	2.044157321	2.602687877	2.684044404	2.714804303	2.294099336	1.565990692	1.018918135	0.631726558	0.397705043	0.250434119	0.175692378	0.160120546	0.153363088	0.150418860
0.215253681	0.285504692	0.369646754	0.243567559	0.378841077	0.977330434	1.400917067	1.931130694	2.485910582	2.650042725	2.715919738	2.175055314	1.777681392	1.116812390	0.752788586	0.384643320	0.268348974	0.199330892	0.170905623	0.163413443	0.161454185
0.201429007	0.269178302	0.355543603	0.267310597	0.300641642	0.925494774	1.348113985	1.882932021	2.478187991	2.677658503	2.785481041	2.316215000	1.884386206	1.094986648	0.804501411	0.420941482	0.290682841	0.198866255	0.164021515	0.155795377	0.151848631
0.202974746	0.264241245	0.347135119	0.337941558	0.260421149	0.858165103	1.247976654	1.750939956	2.339066911	2.564105440	2.653611048	2.396111238	1.899700160	1.180370794	0.784043641	0.525009537	0.322022583	0.218371862	0.180810254	0.167937743	0.161312276
0.193147173	0.251252003	0.336247807	0.389136339	0.247078660	0.832433814	1.213725490	1.719938964	2.328596170	2.594522774	2.839233997	2.537998016	1.960621805	1.425277333	0.874786755	0.569027237	0.305994507	0.203179980	0.176598001	0.161003281	0.154983597
0.191383993	0.244728771	0.327709621	0.402438392	0.241882200	0.731597620	1.149032578	1.638508431	2.243997101	2.546275273	2.820893416	2.512039368	2.145844968	1.479727626	0.967814908	0.576495003	0.305502403	0.219080644	0.184367132	0.162051575	0.158352026
0.179730678	0.234563210	0.324499886	0.421290913	0.232422370	0.668628214	1.173972686	1.687438010	2.336225681	2.680591287	2.973479820	2.654921798	2.373076982	1.516390478	1.055490959	0.522777905	0.364052033	0.227627222	0.170837720	0.151523613	0.147283131
0.189066148	0.236430152	0.315036240	0.410926223	0.244686809	0.510156405	1.052505531	1.540572213	2.178123140	2.539496452	2.888763256	2.742641337	2.365078202	1.589217975	1.058010224	0.703636225	0.405680934	0.270827039	0.189971008	0.169067674	0.163758297
0.173130388	0.215844968	0.290740826	0.393036545	0.246449989	0.383765927	0.988593881	1.486230259	2.133012894	2.529258412	2.968901350	2.850830091	2.325466545	1.812426184	1.180656138	0.802186618	0.371319142	0.270321965	0.192690166	0.157121386	0.150853742
0.178654154	0.216162356	0.287064164	0.388928054	0.299141680	0.309658198	0.938335241	1.419945068	2.046784161	2.464024567	2.946047913	2.813028916	2.515429923	1.877401389	1.143065537	0.836105135	0.472406348	0.315502403	0.210736248	0.170331884	0.162732128
0.170254826	0.205170520	0.273504234	0.376137179	0.368303197	0.270708782	0.905317769	1.366623941	1.978127718	2.415637446	2.934435798	2.851307698	2.661489281	1.926813916	1.358395514	0.834028382	0.549729152	0.319644465	0.211366445	0.168700694	0.157901122
0.181861601	0.214983597	0.281630426	0.385586328	0.418704509	0.268942550	0.881744869	1.337867552	1.935594720	2.372741283	2.944929427	2.949745174	2.733047227	2.025385672	1.518921950	0.946855116	0.590155642	0.311155108	0.213134203	0.183137255	0.168020905
0.167566186	0.195256733	0.252075990	0.342943465	0.386215763	0.246716258	0.728945602	1.179304952	1.715968566	2.122349126	2.676490425	2.705439078	2.460408179	1.998679332	1.447476921	0.949485008	0.526561379	0.304647898	0.212951858	0.173492027	0.154977493
