3000.000000000
3020.000000000
3040.000000000
3060.000000000
3080.000000000
3100.000000000
3120.000000000
3140.000000000
3160.000000000
3180.000000000
3200.000000000
3220.000000000
3240.000000000
3260.000000000
3280.000000000
3300.000000000
3320.000000000
3340.000000000
3360.000000000
3380.000000000
3400.000000000
3420.000000000
3440.000000000
3460.000000000
3480.000000000
3500.000000000
3520.000000000
3540.000000000
3560.000000000
3580.000000000
3600.000000000
3620.000000000
3640.000000000
3660.000000000
3680.000000000
3700.000000000
3720.000000000
3740.000000000
3760.000000000
3780.000000000
3800.000000000
3820.000000000
3840.000000000
3860.000000000
3880.000000000
3900.000000000
3920.000000000
3940.000000000
3960.000000000
3980.000000000
4000.000000000
4020.000000000
4040.000000000
4060.000000000
4080.000000000
4100.000000000
4120.000000000
4140.000000000
4160.000000000
4180.000000000
4200.000000000
4220.000000000
4240.000000000
4260.000000000
4280.000000000
4300.000000000
4320.000000000
4340.000000000
4360.000000000
4380.000000000
4400.000000000
4420.000000000
4440.000000000
4460.000000000
4480.000000000
4500.000000000
4520.000000000
4540.000000000
4560.000000000
4580.000000000
4600.000000000
4620.000000000
4640.000000000
4660.000000000
4680.000000000
4700.000000000
4720.000000000
4740.000000000
4760.000000000
4780.000000000
4800.000000000
4820.000000000
4840.000000000
4860.000000000
4880.000000000
4900.000000000
4920.000000000
4940.000000000
4960.000000000
4980.000000000
5000.000000000
5020.000000000
5040.000000000
5060.000000000
5080.000000000
5100.000000000
5120.000000000
5140.000000000
5160.000000000
5180.000000000
5200.000000000
5220.000000000
5240.000000000
5260.000000000
5280.000000000
5300.000000000
5320.000000000
5340.000000000
5360.000000000
5380.000000000
5400.000000000
5420.000000000
5440.000000000
5460.000000000
5480.000000000
5500.000000000
5520.000000000
5540.000000000
5560.000000000
5580.000000000
5600.000000000
5620.000000000
5640.000000000
5660.000000000
5680.000000000
5700.000000000
5720.000000000
5740.000000000
5760.000000000
5780.000000000
5800.000000000
5820.000000000
5840.000000000
5860.000000000
5880.000000000
5900.000000000
5920.000000000
5940.000000000
5960.000000000
5980.000000000
6000.000000000
