10.946938136	9.907955175	11.604927550	11.983574617	11.728683652	11.343003896	11.164355256	12.204883937	10.335894111	12.563069174	10.733220402	12.884173206	11.886517275	10.808241337	10.098004603	11.940509100	11.794091998	11.719322730	12.320119867	11.328430312	12.945023614
12.099799648	12.705681542	11.575570758	12.516429607	14.574347881	12.490072826	13.118742857	11.860962197	12.039207833	13.711673858	12.725108402	12.495150574	11.881311188	11.947169057	14.183444610	12.962802260	11.572241256	11.136340548	11.872657664	12.430310787	11.197059499
10.565409542	12.771412995	11.620254000	11.434927886	12.710971162	11.502634744	12.221011878	12.421210273	12.848059241	12.387693470	13.103411538	11.162961846	12.476543649	10.682653739	11.623800036	12.754971303	12.048303456	13.117957466	11.749489566	11.758512927	12.976669041
10.155055466	11.370633805	11.967059165	11.720499179	12.566184381	11.754539205	11.589837938	11.955033596	12.505267577	12.584658770	12.760513590	11.544450764	10.821863392	12.079467511	12.007472421	11.588900995	13.121387430	11.578018183	12.415516522	11.987940068	12.344892208
10.982423975	12.025305809	11.589633124	12.384839217	12.651262563	12.403974599	12.151447517	11.312815652	10.773611608	11.024600591	11.687617552	13.159361226	12.228378156	13.927605028	12.959860331	11.745173090	12.454701761	12.307717050	11.657138967	12.942963456	12.391166616
12.486178217	13.044984330	11.570683086	15.210363293	12.171983064	12.274898424	11.354574569	12.411378780	13.369870394	12.764755771	10.706724027	10.911855289	12.066227181	10.692445176	12.391667940	13.801024702	11.505725408	11.320933502	11.540337687	12.850735938	12.511308016
13.511009353	11.531577200	11.593009911	14.288156429	11.985256094	10.915173388	12.116751073	12.282680588	11.505483980	12.022134468	11.686731663	11.456549448	11.337481416	11.735687608	12.832924039	12.530669446	12.100822244	11.364769236	12.619893707	12.111435451	12.169887494
12.304597974	12.444722219	12.663077641	12.680610348	11.739168659	12.780603991	12.170987195	10.993455353	12.810708116	11.989469285	11.347028268	13.394933461	13.370463452	12.949548567	12.254288056	11.139025038	11.151205941	11.941338097	12.074700155	12.292771137	13.191897575
12.843341237	11.288230216	13.189129286	12.575730193	12.543999330	12.140902567	13.308309852	12.228840724	12.101773808	11.827309606	11.551710705	11.391561647	12.117672210	12.283453599	12.362308307	11.548125039	13.673431437	12.784977769	10.638580448	12.346446755	12.070914203
13.634074219	13.830883317	10.416939390	13.534374493	11.854722453	11.494838543	11.300415653	12.504447694	11.861468899	12.467213568	11.217752885	12.545074288	12.051053016	11.610618616	10.658500662	11.684449651	11.930518544	11.411778427	12.579669344	12.455249188	13.300182273
13.111869093	12.622774831	11.722808641	12.170489229	12.479878755	12.368953476	11.955046270	11.458506610	11.483721461	12.507775360	12.137328680	11.498598948	10.185605807	11.600570345	10.848241490	10.684757386	11.446299742	12.462837688	12.319890299	12.899279598	12.561842977
11.489032979	12.277017208	11.362600357	12.841201838	11.963901934	12.767161158	12.213335153	12.296386100	13.296232473	12.170883454	11.869509363	12.626967293	12.219474439	10.908249126	13.289971156	13.085866383	13.300717684	13.748575684	11.577036658	12.876648664	12.293892711
11.918223039	11.843678790	11.930167178	13.014440309	13.954312175	12.524577857	13.536617007	14.959943148	12.721174585	13.093521414	12.478713188	11.982626312	14.449840096	13.943406537	12.898202835	12.543661122	13.730214415	12.306588529	13.089219869	13.824206555	12.846612571
13.056922774	13.658149600	12.598123958	12.682999836	12.900160519	13.941070057	14.044931506	14.589327772	13.588096395	12.803483585	11.231431365	14.831971337	11.695198877	14.573987482	13.543659294	12.044576297	14.185367336	13.305637903	12.882922687	12.187503950	15.031344355
12.354572212	12.717104524	13.077156426	12.203241000	14.159852193	12.320119867	14.835593971	13.134025516	13.299031635	12.893111464	11.787238434	13.363976152	13.684537466	11.657572213	12.802951049	12.342748249	10.746876455	12.677363904	11.540578386	11.782901497	14.463971261
13.112855131	12.164773618	14.215882425	14.620709679	12.703021990	11.298927275	14.434453032	13.735171986	15.123277930	15.091890257	13.106802922	13.095341912	13.240781051	13.410665889	12.229600620	13.107943463	12.711638666	14.324606223	13.945550683	12.367128146	13.138804429
12.248124985	9.688371662	11.920083214	12.644542081	13.057619007	13.940044781	13.051088426	12.874981612	12.128104101	12.924532307	12.643914974	13.145049381	14.602255257	12.984839645	12.958656091	12.923926601	13.486165751	12.889836259	11.437714506	10.743210212	13.198787058
13.165347076	12.819945792	12.930443288	13.936258211	13.810912828	13.628179362	13.538333156	13.249798931	12.885239382	13.611062049	14.734207433	15.270437539	13.657705858	12.673439178	13.103546440	11.450181949	15.800447507	13.932082733	11.260779348	13.271919167	13.699882031
12.112869857	11.958999823	12.220115062	13.923582930	12.691856930	11.334224564	11.661661264	13.165366257	11.930315345	13.593860022	13.651843402	10.891401483	11.487696537	13.086638262	12.079179014	12.500650488	12.120589378	13.672932784	11.653494729	11.468463566	13.234554558
10.884443537	12.862516995	13.542521884	13.719027559	12.366993380	11.951125216	13.668407132	12.367258828	10.865918361	11.746910189	12.201606120	12.862642643	13.414736357	12.319398352	13.072694961	14.030741861	12.504039751	12.666666667	12.176314149	11.949705207	12.433138353
11.289303957	12.451355855	12.222991252	13.363794749	12.051555916	11.685162827	15.793695200	11.109900944	12.603747238	13.553854422	13.241440918	11.979932716	11.771236987	12.468347804	12.499034306	10.777904821	12.740974227	11.226321883	12.514601573	13.312024639	12.742214894
13.140956871	12.583057392	13.731185475	12.260946459	13.235745143	14.156998483	12.559740073	14.463733818	14.427611015	13.971992186	13.431366876	14.822178305	13.122649862	12.985601972	11.599129191	12.491366716	11.798715903	13.158931368	12.338017129	13.640832938	13.191131854
14.394597752	14.227853604	13.190691545	12.502165469	11.945207399	14.686003094	14.563882266	12.755208879	12.342236754	11.986065141	13.148610558	12.867561596	12.533893443	14.057871011	13.443375448	13.028992535	12.783101219	12.418721612	12.378096490	13.663824538	13.341190867
10.633452075	13.195694890	13.495887889	13.483248117	11.543728894	12.626107312	12.318381600	14.288156429	12.341680222	13.767242632	12.234786471	12.377280425	12.452815997	13.244686375	10.590042016	12.928255798	11.967987603	12.042093680	12.365004381	13.874240356	12.630794500
12.610865926	13.047403860	12.440480519	12.564677119	13.433754411	12.443001359	15.233121144	15.311908616	13.422429592	12.979467079	12.155968730	13.919606839	12.565400627	12.542871934	14.241960341	12.340599825	13.245163020	13.552650790	12.454782863	12.307388764	12.233007179
12.608222425	12.742718261	15.272263100	11.565029139	11.934010477	12.195689750	13.046134146	12.154294249	12.101690340	11.030403346	11.642359961	12.654699291	14.386704721	12.111648121	11.043074524	13.047585790	13.299289872	11.718499576	11.362778149	13.486135791	11.217518766
13.130498848	12.764629159	12.777896793	11.794002071	12.908238697	12.267984119	13.317035494	14.080217514	11.426639086	13.145556533	13.413437405	13.681702741	10.927326510	12.293235390	11.799315166	13.632610931	11.825755149	13.227595886	11.768799704	12.282413312	11.194673156
12.861405739	11.928389021	11.981652641	11.179215021	12.027644924	11.820624845	13.219147423	12.842869342	12.278004477	12.344646736	12.214823748	11.375518636	13.211026157	12.148321578	13.985168912	10.979061799	12.238356660	12.453464895	12.613524888	11.819073781	13.085094458
12.880789862	12.246504346	12.247861079	10.861366992	13.056427652	11.709083067	11.752910665	12.455756042	12.898108858	11.998669960	12.702835125	12.123151739	11.307707213	13.170501935	13.142770798	11.393117717	11.295279250	14.090827305	12.381625356	12.596696697	12.921968609
13.365491522	12.942374222	13.289184484	12.440610430	11.498664832	12.848786446	13.147995968	12.239264519	11.853802186	12.485672597	11.845687107	13.111503161	10.893511181	12.548648766	12.878782175	11.824896694	14.262743726	13.941707647	13.692377884	14.563171344	10.950466989
10.962465807	11.626667362	12.085766735	12.660939694	13.811761201	11.704350396	11.397727046	12.216973621	11.983507185	13.165903315	10.639525128	12.813739469	12.579841980	13.129083299	14.219956811	11.705631900	12.920186226	12.378802344	10.554447576	11.563806301	13.571252296
11.377005873	12.217076970	13.705042204	12.274877851	12.239574001	14.067697076	13.268646114	12.976217562	13.959316790	13.189129286	14.511924738	12.869080477	12.303153082	13.579916841	12.008729989	12.629686849	12.413234222	13.514287240	13.523563424	12.989832854	12.254143805
18.147498923	56.011307480	275.236802361	900.857024273	467.717827392	661.225266403	490.041158445	390.398300108	264.563513025	360.620088854	203.855061158	298.431354136	84.040809591	58.577648545	24.317967336	13.181345864	13.245376552	12.598797441	12.868483935	11.637673932	12.858087107
25.919993453	41.679017563	266.739592301	886.587429303	472.134186969	674.841850160	509.383161929	407.567088609	274.084121128	378.184829351	190.631180211	306.866195136	98.099156186	72.086000126	28.662339349	14.251262570	13.950022628	14.924222735	11.145842184	12.163216613	12.873133875
49.301278489	36.942920755	257.196660793	833.241987418	454.569997277	670.010713317	543.078770167	414.066726677	285.474352719	401.285209412	212.828772643	282.416487880	132.777211063	80.404896454	30.953820280	19.139284789	12.221073867	10.921108280	12.318320101	12.427612625	13.370025271
70.890651319	32.194000006	244.122129354	754.563295736	433.125149992	660.069333671	571.495102712	444.850215514	288.615059247	410.768363416	242.517103427	290.877700705	138.541296400	70.557018994	26.307603464	16.984303508	13.186597880	12.344794020	12.020084203	12.541949811	13.782125007
77.968894989	33.828892080	219.184082958	711.551843409	424.729538541	655.292964862	608.451136705	465.920067168	292.591392784	471.851016014	253.837244245	321.052167164	141.943087186	69.693125322	33.595249784	21.247830549	12.823160076	14.706485205	15.203787407	12.362941528	14.485785439
83.284834372	32.330402866	176.736501635	637.083256615	404.003419828	655.405647849	645.780487066	488.111570703	292.130432160	514.917115621	243.281226467	318.011319759	119.675744992	94.859117228	39.458588444	18.566353841	13.837440062	13.437242833	13.809215924	12.972605168	12.799064833
81.488354500	28.493125168	127.914501117	560.881356492	372.825680825	613.632881397	644.754522154	480.433749624	290.875748231	516.147654369	244.350355147	291.670483785	165.351370900	97.762129372	47.507103137	20.943830605	13.934373602	13.251354038	11.740368931	12.790538643	12.338835791
80.312297007	28.972470388	76.428639722	485.995082072	351.619709058	598.109325755	653.201468681	498.416429172	295.525999130	506.199555312	262.181580997	308.960280537	180.755652915	81.442983712	49.991606366	26.199506511	14.434960367	14.723975501	13.791151460	13.123254093	13.738286103
78.730982312	35.998331892	45.776704410	453.868437641	342.212140479	590.618121252	698.791413438	533.868993407	305.383921970	587.694620762	277.308654751	288.811719977	188.891851908	117.858882833	65.569098413	33.378066953	15.559371466	13.997615237	13.712528372	13.705989253	14.975859362
80.195667280	45.303995632	30.296412762	416.769986099	321.811366418	572.773977581	723.001628943	546.205329727	313.769886729	649.983082608	274.902997768	342.468457443	183.369638279	136.982701481	63.507425001	34.141859435	16.703048170	14.967746468	12.420250652	13.833147133	13.575360181
74.779419061	57.421971651	23.219775619	376.798079919	304.165766873	555.913460582	734.767941859	566.393164924	332.444106489	694.501264189	287.037494295	384.984362663	206.381937537	142.477049011	58.404610134	26.918462741	19.092004779	14.106703758	13.496467926	14.508997557	14.330514170
70.084203324	56.682239393	25.188982681	303.459601425	283.519951910	531.855794232	732.713102452	569.104834567	335.154927390	697.031849409	301.617037773	401.891009900	224.060167560	129.070953394	66.262162977	35.280870142	21.671680073	12.675579002	12.590857674	13.508885964	13.008994557
64.573093030	59.343992914	23.490518182	234.771261771	265.899907309	505.568916462	731.047643157	571.917674022	335.768077727	744.065337090	301.028569402	385.231388423	216.449103822	125.659181113	83.446886876	46.515046984	20.699494943	13.016458113	14.084230741	13.045263082	14.196798615
61.496735563	55.936721102	22.421515190	160.736177595	240.498311802	481.794631633	727.129605387	573.442101998	348.401298865	799.025197704	295.726118173	466.310138592	225.181870155	168.825645522	78.039934739	54.689399375	20.963932471	14.394650381	13.968593922	12.473146914	11.743745380
56.367896874	53.058073768	28.136571694	109.928066011	226.713411178	464.614065433	729.068732887	586.123285201	361.910275587	851.575921098	291.236719297	525.215601617	225.164488472	180.079520874	76.920528318	58.407114379	28.027927991	14.285752597	13.224292767	11.474499615	14.446711555
50.583700014	51.737628688	47.372722621	74.038663118	210.178347547	429.196822242	715.412567204	578.317430573	363.573745732	847.689430634	306.529988481	570.436654563	220.714506395	172.526828832	108.900348758	71.576868336	31.458504013	15.118692023	14.909613196	13.275674572	13.350504095
43.987486742	45.846652610	78.128717932	40.000207070	196.094548160	386.592658017	597.177767469	481.035108129	296.289595402	694.567782978	253.656651736	473.201319512	236.854671165	153.623948575	105.948807917	61.396295088	28.436317297	16.845162360	13.195499692	12.768628696	13.480236188
39.063112621	44.737252007	93.916930305	37.108461013	167.160242180	351.534612432	605.953451808	488.083121750	314.968962877	764.545244844	265.212494183	588.600452366	244.743365693	176.046310482	114.015148737	56.769760054	27.317399273	19.671162814	13.718305988	13.312601306	14.399280987
36.920914661	42.444662726	94.109531608	35.956061851	135.659453311	335.329261377	588.576735212	496.023416175	330.783413530	802.489767769	259.086883559	664.003939991	246.835957468	193.158368844	94.502595229	68.617461040	33.235766301	19.114949990	13.606385904	12.593424611	11.906640198
33.552688853	42.385049537	100.944714842	34.453546533	106.127527632	323.401273087	591.181241330	503.182916618	344.017125924	842.921265420	286.707531266	748.706077378	240.306299492	188.755141478	123.715127318	89.211708250	42.533010353	19.563416694	13.602213129	15.090739016	13.774093675
28.580227325	39.312242676	94.054349214	33.450195150	63.761305989	291.825174418	545.212355626	481.302191031	341.112975006	853.370985142	282.557558988	741.543740238	263.855648284	203.171660515	142.146033886	74.846574384	47.485111968	22.569155227	15.891564372	13.429967997	13.062692655
29.996516633	37.646221322	95.067960274	42.150169248	43.922451174	277.561874802	535.946040835	482.740411556	352.795442348	895.623446928	294.467418582	847.330587400	273.943014608	200.756422844	152.365323874	86.884235066	59.266216721	25.882180602	13.943649219	13.938896236	12.622794837
22.109413416	36.021064264	85.653459659	59.563733797	31.084511717	254.933045478	489.830909910	452.924687811	340.125299995	881.857702337	280.797899212	914.171458566	264.855197907	206.833670549	140.266659465	113.914330738	65.113634160	29.934271430	16.343707281	15.423136235	11.482863825
22.767680442	34.575264119	86.606156032	86.385686127	28.090193839	246.622612569	472.995622164	452.665754451	349.558916726	920.814671085	304.897224611	1024.576368924	269.154630747	253.796940028	156.002723040	125.266513458	61.175365577	24.313059217	18.333088153	15.627517171	12.504265939
20.445767140	32.628988784	83.110282703	94.732490986	27.590942373	209.476518054	428.398560179	428.887149457	345.563958763	910.512503644	307.112928758	1052.072370480	284.677102037	259.371201372	170.688645306	125.233864462	58.886567898	29.407445975	21.139029918	14.576510092	14.179569881
20.466210142	32.490614029	86.205015205	112.836882358	29.546580243	184.772822294	407.673186102	436.196980223	359.834392183	962.450455186	323.479598283	1155.559402072	310.254300388	270.442848758	185.849503577	105.792189569	78.261624818	37.245430877	19.453157932	15.760185099	12.186530070
19.128008445	29.129767135	75.129972230	105.266616290	27.970364909	125.399948448	373.152626585	408.283573468	355.091458414	958.664668730	323.236067219	1259.421961365	299.066753131	274.674693910	175.831945708	145.941825964	83.652554647	46.219252406	19.032335589	16.457140540	12.798184846
18.539926885	25.266130961	73.255415906	103.294856473	30.745478439	80.904730106	349.501650984	398.824914878	360.981910065	987.480883283	346.732974282	1382.182610507	292.979914332	320.177269555	193.082126244	168.498575961	70.634967161	48.501149627	25.867219222	15.323379510	14.351376944
16.605207897	23.676745613	66.031577233	102.523501125	37.667437643	49.819004730	325.577873817	382.366146910	349.787612327	975.981665408	347.190233274	1403.889148225	307.685285231	328.064741701	176.917473199	170.661994195	98.392335149	61.277856168	29.289319596	18.738185503	12.841894036
13.903313318	23.984445717	58.719222327	103.120940569	61.752254283	37.033531080	301.540288278	363.709375044	344.710942587	976.683742947	357.345838061	1495.236132799	321.228796651	343.527993507	207.563376959	162.709935564	121.230600864	63.377525252	31.209225520	20.614655961	14.839814723
16.472946907	22.689513886	57.969872879	101.789769485	72.930009342	35.648524131	274.911646229	346.969164496	336.617089659	948.756778020	363.287061135	1571.509630607	324.847264033	356.343009620	224.046779702	181.280755245	128.240939192	54.467244350	23.765425613	24.767924843	13.995940970
13.787195787	18.277797427	47.496500669	92.426538670	68.979378415	31.889422267	207.382547750	301.441398396	301.167895052	868.679453556	336.528538121	1494.639889030	295.624736701	356.149857660	208.602114132	179.711750120	107.017087279	54.296042232	30.941365206	24.891246281	12.259232761
